
####################################################################################################
# United_States   —   market cap in bn USD
####################################################################################################

--- Compustat only  [all years in extract: 2013-2024] ---
        sample  year  n_listing_months  n_firms   mean       total    p1    p5   p10   p25   p50   p75    p90    p95     p99
Compustat only  2016             37982     3302  7.273 276,260.161 0.009 0.031 0.064 0.220 1.040 4.078 14.664 30.491 119.632
Compustat only  2017             37014     3215  8.582 317,639.673 0.009 0.035 0.077 0.286 1.281 4.924 17.449 36.336 143.865
Compustat only  2018             36167     3115  9.378 339,187.566 0.010 0.038 0.083 0.310 1.411 5.240 18.634 39.378 148.254
Compustat only  2019             34854     3007 10.001 348,558.443 0.008 0.036 0.078 0.292 1.370 5.413 20.170 42.119 153.633
Compustat only  2020             33959     2928 10.615 360,460.411 0.008 0.032 0.065 0.237 1.198 5.025 20.263 42.312 169.584
Compustat only  2021             34843     3107 13.840 482,215.800 0.020 0.062 0.118 0.346 1.681 6.797 26.206 52.531 211.740
Compustat only  2022             35198     3034 13.079 460,358.385 0.015 0.050 0.102 0.289 1.368 5.864 25.234 52.813 196.358
Compustat only  2023             33327     2894 14.287 476,128.879 0.010 0.035 0.072 0.278 1.395 6.228 27.823 55.694 204.060
Compustat only  2024             31887     2762 18.286 583,070.237 0.008 0.032 0.074 0.310 1.664 7.564 33.225 69.503 233.532

  firms above X (USD), December snapshot:
        sample  year  snapshot_month  n_firms  >1e+07  >5e+07  >1e+08  >2e+08  >5e+08  >1e+09  >2e+09  >5e+09  >1e+10  >5e+10  >1e+11
Compustat only  2016              12     3119    3081    2894    2699    2372    2055    1676    1266     734     443      99      39
Compustat only  2017              12     3045    3013    2863    2691    2359    2068    1715    1305     794     506     120      48
Compustat only  2018              12     2972    2921    2757    2575    2261    1949    1600    1188     687     442     103      43
Compustat only  2019              12     2858    2806    2667    2511    2222    1942    1630    1275     790     504     128      62
Compustat only  2020              12     2829    2819    2651    2517    2189    1893    1594    1272     792     528     135      66
Compustat only  2021              12     2961    2957    2848    2705    2373    2057    1714    1360     886     590     166      84
Compustat only  2022              12     2876    2854    2683    2551    2216    1880    1571    1229     784     518     149      76
Compustat only  2023              12     2710    2679    2512    2355    2105    1845    1558    1245     824     556     164      83
Compustat only  2024              12     2628    2588    2436    2314    2042    1802    1537    1237     842     571     186      82

--- Compustat ∩ LC (gvkey)  [all years in extract: 2013-2024] ---
                sample  year  n_listing_months  n_firms   mean       total    p1    p5   p10   p25   p50    p75    p90     p95     p99
Compustat ∩ LC (gvkey)  2016             12983     1090 14.738 191,338.837 0.034 0.116 0.270 0.836 2.718  9.895 32.859  66.920 213.870
Compustat ∩ LC (gvkey)  2017             13227     1116 16.778 221,916.409 0.038 0.166 0.314 1.044 3.229 11.330 37.749  78.115 216.002
Compustat ∩ LC (gvkey)  2018             13395     1128 18.017 241,339.076 0.049 0.185 0.345 1.141 3.295 12.231 40.747  84.683 231.957
Compustat ∩ LC (gvkey)  2019             13402     1126 18.646 249,889.564 0.045 0.171 0.323 1.017 2.983 11.880 42.289  82.392 249.592
Compustat ∩ LC (gvkey)  2020             13495     1143 19.911 268,703.480 0.036 0.127 0.233 0.817 2.680 11.186 42.114  86.613 261.226
Compustat ∩ LC (gvkey)  2021             13700     1158 26.268 359,871.957 0.069 0.202 0.386 1.312 4.038 15.248 51.437 119.087 327.041
Compustat ∩ LC (gvkey)  2022             13625     1152 25.488 347,271.494 0.049 0.170 0.365 1.200 3.782 14.346 52.843 116.858 330.109
Compustat ∩ LC (gvkey)  2023             13385     1133 27.540 368,622.230 0.041 0.157 0.351 1.127 3.949 14.494 54.704 118.261 368.584
Compustat ∩ LC (gvkey)  2024             12988     1097 35.374 459,431.813 0.039 0.174 0.377 1.314 4.683 17.013 67.467 135.293 445.959

  firms above X (USD), December snapshot:
                sample  year  snapshot_month  n_firms  >1e+07  >5e+07  >1e+08  >2e+08  >5e+08  >1e+09  >2e+09  >5e+09  >1e+10  >5e+10  >1e+11
Compustat ∩ LC (gvkey)  2016              12     1089    1087    1072    1049    1000     931     813     654     421     281      79      36
Compustat ∩ LC (gvkey)  2017              12     1112    1110    1099    1088    1028     960     860     692     462     329      95      43
Compustat ∩ LC (gvkey)  2018              12     1115    1114    1101    1077    1023     946     822     639     410     285      83      40
Compustat ∩ LC (gvkey)  2019              12     1117    1117    1103    1084    1035     956     848     691     460     319     103      52
Compustat ∩ LC (gvkey)  2020              12     1134    1134    1121    1104    1037     970     861     716     480     336     109      57
Compustat ∩ LC (gvkey)  2021              12     1146    1146    1137    1120    1071    1022     920     761     534     368     123      73
Compustat ∩ LC (gvkey)  2022              12     1124    1123    1108    1086    1037     976     864     718     486     329     117      67
Compustat ∩ LC (gvkey)  2023              12     1099    1098    1081    1064    1024     967     870     736     514     348     130      71
Compustat ∩ LC (gvkey)  2024              12     1065    1064    1049    1037     993     936     849     726     518     356     137      72

--- Compustat ⋈ LC (gvkey, fiscal year)  [all years in extract: 2017-2024] ---
                             sample  year  n_listing_months  n_firms   mean       total    p1    p5   p10   p25    p50    p75     p90     p95     p99
Compustat ⋈ LC (gvkey, fiscal year)  2017              1869      313 41.967  78,435.752 0.215 0.980 1.873 4.637 14.774 42.197  99.721 192.694 352.987
Compustat ⋈ LC (gvkey, fiscal year)  2018              3887      412 43.351 168,506.793 0.267 0.886 1.752 4.760 14.894 42.626 107.769 201.433 344.119
Compustat ⋈ LC (gvkey, fiscal year)  2019              4411      463 43.192 190,520.706 0.286 0.874 1.527 4.090 12.920 42.212 112.399 212.027 339.575
Compustat ⋈ LC (gvkey, fiscal year)  2020              5381      570 40.112 215,844.391 0.196 0.536 0.957 2.599  8.764 31.121  97.830 175.560 355.612
Compustat ⋈ LC (gvkey, fiscal year)  2021              7180      763 42.423 304,595.947 0.170 0.652 1.129 2.861  8.682 31.911  98.879 190.541 393.950
Compustat ⋈ LC (gvkey, fiscal year)  2022              8990      912 35.573 319,801.223 0.094 0.446 0.795 2.099  6.157 25.658  78.334 153.075 366.439
Compustat ⋈ LC (gvkey, fiscal year)  2023             10211     1028 33.526 342,336.899 0.053 0.269 0.565 1.662  5.150 19.646  69.643 135.170 396.748
Compustat ⋈ LC (gvkey, fiscal year)  2024              9256      983 42.258 391,137.105 0.056 0.288 0.616 1.871  6.163 23.131  79.447 153.372 472.337

  firms above X (USD), December snapshot:
                             sample  year  snapshot_month  n_firms  >1e+07  >5e+07  >1e+08  >2e+08  >5e+08  >1e+09  >2e+09  >5e+09  >1e+10  >5e+10  >1e+11
Compustat ⋈ LC (gvkey, fiscal year)  2017              12      312     312     312     312     307     302     295     278     232     199      71      33
Compustat ⋈ LC (gvkey, fiscal year)  2018              12      336     336     336     336     331     325     312     283     233     185      63      33
Compustat ⋈ LC (gvkey, fiscal year)  2019              12      400     400     400     400     400     396     379     347     284     224      91      50
Compustat ⋈ LC (gvkey, fiscal year)  2020              12      497     497     497     496     489     478     452     414     316     236      90      47
Compustat ⋈ LC (gvkey, fiscal year)  2021              12      701     701     700     694     685     670     630     559     427     308     115      71
Compustat ⋈ LC (gvkey, fiscal year)  2022              12      803     803     801     794     777     750     679     596     424     293     114      65
Compustat ⋈ LC (gvkey, fiscal year)  2023              12      895     894     882     870     842     804     738     636     460     315     120      67
Compustat ⋈ LC (gvkey, fiscal year)  2024              12      652     651     650     650     637     611     571     505     377     272     106      54

=== 95% screen threshold (size_floor = smallest cap KEPT), United_States ===

  [screen as the pipeline runs it (Compustat panel)]
 year  months     n_pre    n_kept  pct_listings_dropped  floor_mean  floor_min  floor_max  floor_dec
 2016      12 3,165.167 1,157.833                63.413       2.143      1.934      2.307      2.307
 2017      12 3,084.500 1,154.333                62.577       2.479      2.341      2.676      2.676
 2018      12 3,013.917 1,130.917                62.479       2.648      2.340      2.795      2.340
 2019      12 2,904.500 1,040.000                64.198       2.868      2.604      3.130      3.130
 2020      12 2,829.917   920.167                67.486       3.201      2.557      3.675      3.675
 2021      12 2,903.583   980.000                66.241       3.999      3.575      4.413      4.413
 2022      12 2,933.167   932.750                68.202       3.927      3.457      4.275      3.858
 2023      12 2,777.250   852.667                69.306       4.402      4.010      4.942      4.942
 2024      12 2,657.250   781.667                70.586       5.720      4.951      6.408      6.151

  [same screen replayed on the LC-matched sample]
 year  months   n_pre  n_kept  pct_listings_dropped  floor_mean  floor_min  floor_max  floor_dec
 2017       6 311.500 176.667                43.285      12.458     12.006     13.316     13.316
 2018      12 323.917 180.083                44.368      12.498     10.755     13.977     10.755
 2019      12 367.583 192.167                47.629      11.811     11.333     12.822     12.534
 2020      12 448.417 205.750                53.961      11.131      9.879     12.501     11.207
 2021      12 598.333 272.583                54.077      10.814      9.119     12.518     10.806
 2022      12 749.167 318.583                57.424       8.653      7.106     10.191      7.650
 2023      12 850.917 336.500                60.367       8.042      7.586      8.786      8.227
 2024      12 771.333 291.250                62.118      10.411      8.672     12.013     11.645

####################################################################################################
# Europe   —   market cap in bn USD (converted)
####################################################################################################

--- Compustat only  [all years in extract: 2009-2024] ---
        sample  year  n_listing_months  n_firms  mean       total    p1    p5   p10   p25   p50   p75   p90    p95    p99
Compustat only  2016             60768     5478 2.212 134,436.502 0.000 0.002 0.006 0.021 0.113 0.727 3.684  9.186 43.388
Compustat only  2017             60232     5559 2.626 158,150.444 0.001 0.003 0.007 0.027 0.150 0.914 4.485 11.014 51.038
Compustat only  2018             61194     5539 2.673 163,584.064 0.001 0.004 0.008 0.030 0.153 0.915 4.568 11.238 51.436
Compustat only  2019             60784     5464 2.577 156,640.262 0.001 0.003 0.007 0.026 0.136 0.822 4.275 10.642 48.995
Compustat only  2020             59990     5435 2.563 153,754.417 0.001 0.004 0.007 0.026 0.133 0.811 4.316 10.746 46.927
Compustat only  2021             62772     5797 3.226 202,522.936 0.002 0.006 0.011 0.039 0.188 1.067 5.419 13.523 60.042
Compustat only  2022             64555     5786 2.690 173,675.070 0.001 0.004 0.008 0.028 0.138 0.798 3.988 10.584 51.060
Compustat only  2023             64262     5750 2.871 184,487.683 0.001 0.003 0.007 0.023 0.118 0.740 4.056 10.739 55.393
Compustat only  2024             62316     5584 3.185 198,489.352 0.000 0.003 0.006 0.021 0.116 0.811 4.571 11.876 62.815

  firms above X (USD), December snapshot:
        sample  year  snapshot_month  n_firms  >1e+07  >5e+07  >1e+08  >2e+08  >5e+08  >1e+09  >2e+09  >5e+09  >1e+10  >5e+10  >1e+11
Compustat only  2016              12     5104    4315    3185    2647    1994    1525    1110     764     417     232      40      13
Compustat only  2017              12     5146    4522    3455    2905    2217    1706    1253     902     495     293      56      19
Compustat only  2018              12     5085    4398    3303    2702    2046    1551    1117     770     439     237      45      11
Compustat only  2019              12     5068    4389    3329    2788    2150    1659    1204     877     489     289      53      21
Compustat only  2020              12     5074    4545    3501    2941    2242    1731    1261     897     516     321      58      20
Compustat only  2021              12     5413    4897    3822    3247    2434    1867    1376     985     563     346      73      22
Compustat only  2022              12     5360    4631    3438    2871    2086    1587    1150     825     434     276      54      22
Compustat only  2023              12     5304    4528    3363    2790    2073    1612    1182     851     483     296      64      26
Compustat only  2024              12     5120    4284    3149    2614    1973    1541    1141     815     465     285      61      25

--- Compustat ∩ LC (gvkey)  [all years in extract: 2009-2024] ---
                sample  year  n_listing_months  n_firms  mean       total    p1    p5   p10   p25   p50   p75    p90    p95     p99
Compustat ∩ LC (gvkey)  2016             19156     1641 4.607  88,250.194 0.004 0.012 0.031 0.127 0.549 2.497  9.439 22.907  77.749
Compustat ∩ LC (gvkey)  2017             19800     1717 5.254 104,025.511 0.005 0.018 0.042 0.160 0.681 3.022 10.669 25.767  87.757
Compustat ∩ LC (gvkey)  2018             20593     1754 5.270 108,518.770 0.005 0.018 0.041 0.154 0.642 2.950 10.853 25.262  88.891
Compustat ∩ LC (gvkey)  2019             20874     1785 5.014 104,665.082 0.005 0.015 0.036 0.127 0.551 2.662 10.320 24.647  80.272
Compustat ∩ LC (gvkey)  2020             21248     1815 4.850 103,061.208 0.005 0.016 0.033 0.115 0.508 2.467 10.159 23.592  77.533
Compustat ∩ LC (gvkey)  2021             22202     1922 6.139 136,288.189 0.007 0.026 0.053 0.172 0.725 3.246 12.887 29.391  95.131
Compustat ∩ LC (gvkey)  2022             22556     1915 5.169 116,602.630 0.006 0.019 0.038 0.130 0.530 2.347  9.990 24.059  90.349
Compustat ∩ LC (gvkey)  2023             22087     1876 5.630 124,355.301 0.005 0.016 0.032 0.113 0.511 2.441 10.466 25.576  97.086
Compustat ∩ LC (gvkey)  2024             21438     1829 6.190 132,711.044 0.003 0.014 0.030 0.113 0.556 2.641 11.562 28.927 107.233

  firms above X (USD), December snapshot:
                sample  year  snapshot_month  n_firms  >1e+07  >5e+07  >1e+08  >2e+08  >5e+08  >1e+09  >2e+09  >5e+09  >1e+10  >5e+10  >1e+11
Compustat ∩ LC (gvkey)  2016              12     1626    1566    1400    1270    1052     854     644     472     268     152      34      10
Compustat ∩ LC (gvkey)  2017              12     1700    1663    1503    1381    1167     961     724     540     322     186      46      15
Compustat ∩ LC (gvkey)  2018              12     1727    1673    1491    1327    1107     871     660     469     283     157      37       8
Compustat ∩ LC (gvkey)  2019              12     1756    1712    1530    1373    1158     939     706     537     313     195      42      16
Compustat ∩ LC (gvkey)  2020              12     1798    1754    1594    1442    1215     990     758     547     341     220      48      13
Compustat ∩ LC (gvkey)  2021              12     1890    1851    1708    1572    1306    1061     820     602     361     235      59      16
Compustat ∩ LC (gvkey)  2022              12     1863    1806    1606    1435    1159     934     687     504     284     182      45      16
Compustat ∩ LC (gvkey)  2023              12     1815    1758    1564    1407    1141     932     706     514     317     201      52      20
Compustat ∩ LC (gvkey)  2024              12     1764    1686    1493    1325    1096     898     685     479     295     192      45      20

--- Compustat ⋈ LC (gvkey, fiscal year)  [all years in extract: 2017-2024] ---
                             sample  year  n_listing_months  n_firms   mean       total    p1    p5   p10   p25   p50   p75    p90    p95     p99
Compustat ⋈ LC (gvkey, fiscal year)  2017              3879      650 11.583  44,929.559 0.068 0.270 0.512 1.168 3.382 9.788 30.055 58.013 122.844
Compustat ⋈ LC (gvkey, fiscal year)  2018              8466      843 10.581  89,580.358 0.053 0.222 0.392 0.924 2.905 9.213 27.862 52.411 112.024
Compustat ⋈ LC (gvkey, fiscal year)  2019              9571      950  9.142  87,494.069 0.043 0.162 0.289 0.674 2.204 7.726 23.043 43.694 113.739
Compustat ⋈ LC (gvkey, fiscal year)  2020             10403     1006  8.167  84,958.529 0.030 0.099 0.201 0.521 1.683 6.701 21.356 38.228  97.365
Compustat ⋈ LC (gvkey, fiscal year)  2021             11826     1181 10.000 118,255.552 0.034 0.112 0.223 0.625 1.941 7.744 24.856 50.135 121.921
Compustat ⋈ LC (gvkey, fiscal year)  2022             13920     1411  7.716 107,407.096 0.018 0.059 0.104 0.340 1.151 4.625 16.693 37.496 113.153
Compustat ⋈ LC (gvkey, fiscal year)  2023             16341     1668  7.127 116,467.090 0.007 0.024 0.054 0.192 0.808 3.763 14.205 33.207 109.019
Compustat ⋈ LC (gvkey, fiscal year)  2024             15248     1654  7.274 110,920.758 0.006 0.020 0.048 0.185 0.850 3.820 14.316 34.514 123.087

  firms above X (USD), December snapshot:
                             sample  year  snapshot_month  n_firms  >1e+07  >5e+07  >1e+08  >2e+08  >5e+08  >1e+09  >2e+09  >5e+09  >1e+10  >5e+10  >1e+11
Compustat ⋈ LC (gvkey, fiscal year)  2017              12      647     647     643     637     619     586     502     413     269     164      42      14
Compustat ⋈ LC (gvkey, fiscal year)  2018              12      764     764     755     738     701     616     512     392     253     140      32       7
Compustat ⋈ LC (gvkey, fiscal year)  2019              12      832     832     819     805     761     681     563     441     269     170      36      12
Compustat ⋈ LC (gvkey, fiscal year)  2020              12      902     900     888     862     804     714     587     441     292     191      40      11
Compustat ⋈ LC (gvkey, fiscal year)  2021              12     1072    1072    1055    1018     940     822     675     517     326     218      56      15
Compustat ⋈ LC (gvkey, fiscal year)  2022              12     1246    1239    1175    1095     950     794     603     465     268     174      43      14
Compustat ⋈ LC (gvkey, fiscal year)  2023              12     1477    1434    1294    1190     999     840     650     484     300     190      50      20
Compustat ⋈ LC (gvkey, fiscal year)  2024              12     1073    1056     991     916     784     665     527     378     227     147      33      15

=== 95% screen threshold (size_floor = smallest cap KEPT), Europe ===

  [screen as the pipeline runs it (Compustat panel)]
 year  months     n_pre    n_kept  pct_listings_dropped  floor_mean  floor_min  floor_max  floor_dec
 2016      12 5,064.000 1,168.417                76.927       0.868      0.813      0.902      0.862
 2017      12 5,019.333 1,214.250                75.784       0.979      0.861      1.067      1.041
 2018      12 5,099.500 1,231.917                75.842       0.988      0.839      1.084      0.839
 2019      12 5,065.333 1,173.833                76.826       0.968      0.906      1.068      1.068
 2020      12 4,999.167 1,149.750                77.003       0.970      0.821      1.127      1.127
 2021      12 5,231.000 1,258.583                75.934       1.171      1.071      1.251      1.222
 2022      12 5,379.583 1,196.917                77.754       1.029      0.855      1.154      1.031
 2023      12 5,355.167 1,073.583                79.954       1.173      1.084      1.306      1.306
 2024      12 5,193.000 1,016.083                80.434       1.374      1.296      1.480      1.338

  [same screen replayed on the LC-matched sample]
 year  months     n_pre  n_kept  pct_listings_dropped  floor_mean  floor_min  floor_max  floor_dec
 2017       6   646.500 344.000                46.790       2.932      2.785      3.082      3.082
 2018      12   705.500 361.667                48.604       2.795      2.282      3.214      2.282
 2019      12   797.583 383.500                51.875       2.410      2.204      2.589      2.466
 2020      12   866.917 391.333                54.826       2.169      1.861      2.457      2.437
 2021      12   985.500 436.500                55.554       2.620      2.443      2.754      2.690
 2022      12 1,160.000 450.083                61.014       2.120      1.683      2.515      2.087
 2023      12 1,361.750 452.667                66.545       2.171      1.870      2.396      2.177
 2024      12 1,270.667 421.333                66.494       2.149      1.964      2.262      1.964

####################################################################################################
# Japan   —   market cap in bn JPY (NOT converted)
####################################################################################################

--- Compustat only  [all years in extract: 2013-2024] ---
        sample  year  n_listing_months  n_firms    mean          total    p1    p5   p10   p25    p50    p75     p90     p95       p99
Compustat only  2016             41812     3553 156.083  6,526,150.119 1.049 1.868 2.774 5.658 16.657 68.489 291.180 621.687 2,702.736
Compustat only  2017             42491     3612 181.836  7,726,408.539 1.369 2.441 3.546 7.453 21.275 84.464 340.067 731.521 3,236.143
Compustat only  2018             43281     3691 189.398  8,197,328.807 1.422 2.599 3.782 7.925 22.770 86.909 348.273 769.697 3,487.376
Compustat only  2019             43951     3737 175.213  7,700,768.739 1.209 2.257 3.255 6.642 19.309 72.746 315.876 700.766 3,401.942
Compustat only  2020             44600     3806 171.919  7,667,589.836 1.073 2.085 2.986 6.285 18.268 67.657 282.315 680.869 3,255.134
Compustat only  2021             45424     3892 200.309  9,098,858.421 1.317 2.393 3.353 6.847 20.198 74.384 316.912 789.735 3,712.121
Compustat only  2022             46113     3948 191.801  8,844,540.543 1.253 2.079 2.918 5.866 18.159 67.275 290.863 726.300 3,659.257
Compustat only  2023             46542     3991 214.712  9,993,110.300 1.376 2.246 3.112 6.196 19.871 75.327 317.726 773.314 3,937.413
Compustat only  2024             46784     4038 256.145 11,983,482.701 1.406 2.217 3.049 6.281 20.338 85.054 350.453 843.530 4,882.551

  firms above X (JPY), December snapshot:
        sample  year  snapshot_month  n_firms  >1e+09  >5e+09  >1e+10  >2e+10  >5e+10  >1e+11  >2e+11  >5e+11  >1e+12  >5e+12  >1e+13
Compustat only  2016              12     3516    3496    2807    2236    1533    1080     752     472     240     120      12       4
Compustat only  2017              12     3578    3572    3078    2555    1765    1262     864     535     291     145      19       4
Compustat only  2018              12     3641    3617    2894    2318    1576    1113     736     467     242     126      15       1
Compustat only  2019              12     3699    3685    3101    2486    1712    1176     792     515     269     141      18       3
Compustat only  2020              12     3749    3729    3050    2435    1669    1158     788     503     255     138      25       6
Compustat only  2021              12     3834    3820    3081    2470    1694    1187     807     518     258     146      28       6
Compustat only  2022              12     3869    3854    3012    2404    1677    1151     783     510     257     139      28       5
Compustat only  2023              12     3907    3896    3106    2506    1768    1251     850     554     282     163      32      10
Compustat only  2024              12     3905    3894    3079    2481    1789    1281     886     585     299     180      38      18

--- Compustat ∩ LC (gvkey)  [all years in extract: 2013-2024] ---
                sample  year  n_listing_months  n_firms    mean         total    p1    p5   p10    p25     p50     p75       p90       p95        p99
Compustat ∩ LC (gvkey)  2016             11440      961 332.069 3,798,870.688 1.913 4.126 6.591 20.098  69.719 235.318   742.293 1,578.537  3,896.439
Compustat ∩ LC (gvkey)  2017             11550      967 393.861 4,549,095.508 2.513 4.912 8.922 27.365  89.408 289.738   917.989 1,796.969  4,614.273
Compustat ∩ LC (gvkey)  2018             11621      976 415.364 4,826,944.777 2.602 5.300 9.070 28.624  93.825 305.970   939.840 1,976.217  4,873.795
Compustat ∩ LC (gvkey)  2019             11720      984 388.057 4,548,023.743 2.249 4.285 7.224 23.052  76.534 266.851   844.499 1,766.864  4,862.459
Compustat ∩ LC (gvkey)  2020             11779      987 395.215 4,655,240.401 1.832 3.976 6.720 21.475  68.977 243.669   834.437 1,861.120  5,594.053
Compustat ∩ LC (gvkey)  2021             11827      992 487.254 5,762,754.923 2.028 4.616 7.173 24.444  80.393 292.837 1,035.215 2,314.990  6,888.300
Compustat ∩ LC (gvkey)  2022             11912      998 472.602 5,629,633.207 1.794 3.859 6.432 22.843  76.828 264.301   982.016 2,202.532  6,584.567
Compustat ∩ LC (gvkey)  2023             11901      998 537.493 6,396,705.975 1.985 4.147 6.760 25.107  87.358 296.562 1,111.309 2,533.729  8,409.440
Compustat ∩ LC (gvkey)  2024             11839      991 645.534 7,642,481.342 2.110 3.993 7.151 28.191 101.854 337.133 1,220.439 3,023.075 10,880.926

  firms above X (JPY), December snapshot:
                sample  year  snapshot_month  n_firms  >1e+09  >5e+09  >1e+10  >2e+10  >5e+10  >1e+11  >2e+11  >5e+11  >1e+12  >5e+12  >1e+13
Compustat ∩ LC (gvkey)  2016              12      961     960     898     835     709     576     423     287     151      78       4       1
Compustat ∩ LC (gvkey)  2017              12      965     965     924     868     761     652     494     332     184      98      11       1
Compustat ∩ LC (gvkey)  2018              12      974     973     909     846     715     585     420     279     145      79       7       1
Compustat ∩ LC (gvkey)  2019              12      982     982     925     859     741     611     452     305     164      91      11       1
Compustat ∩ LC (gvkey)  2020              12      983     981     919     843     725     587     434     299     167      92      19       3
Compustat ∩ LC (gvkey)  2021              12      990     987     925     853     740     611     449     310     168      99      22       4
Compustat ∩ LC (gvkey)  2022              12      995     991     923     847     729     598     445     300     163      95      20       3
Compustat ∩ LC (gvkey)  2023              12      991     989     922     855     747     643     485     327     179     108      23       7
Compustat ∩ LC (gvkey)  2024              12      980     978     908     844     748     645     495     350     182     121      27      12

--- Compustat ⋈ LC (gvkey, fiscal year)  [all years in extract: 2017-2024] ---
                             sample  year  n_listing_months  n_firms      mean         total     p1     p5    p10     p25     p50       p75       p90       p95        p99
Compustat ⋈ LC (gvkey, fiscal year)  2017              2646      294   952.803 2,521,116.366 11.086 26.605 55.428 140.685 410.286 1,069.872 2,556.919 3,818.996  7,138.794
Compustat ⋈ LC (gvkey, fiscal year)  2018              3537      355 1,009.431 3,570,358.966  9.765 27.812 54.796 148.570 415.521 1,107.493 2,813.820 4,118.789  6,785.258
Compustat ⋈ LC (gvkey, fiscal year)  2019              3906      380   867.346 3,387,852.886 12.305 22.722 44.687 113.489 329.229   837.877 2,295.709 3,888.001  6,624.471
Compustat ⋈ LC (gvkey, fiscal year)  2020              4094      420   838.522 3,432,907.816  6.536 19.636 35.389  85.649 252.798   780.881 2,200.614 3,738.214  7,927.303
Compustat ⋈ LC (gvkey, fiscal year)  2021              4563      461   981.002 4,476,312.875  5.202 17.376 35.245  91.773 280.989   861.172 2,543.563 4,421.923  8,795.309
Compustat ⋈ LC (gvkey, fiscal year)  2022              5275      546   857.251 4,522,001.407  4.706 13.901 27.361  73.317 211.966   663.085 2,100.476 4,073.449  8,700.361
Compustat ⋈ LC (gvkey, fiscal year)  2023              7806      807   678.809 5,298,781.349  2.185  4.310  7.370  30.816 114.930   397.646 1,430.578 3,059.219  9,140.447
Compustat ⋈ LC (gvkey, fiscal year)  2024              6211      854   706.610 4,388,755.560  2.588  6.467 14.547  55.772 151.555   411.996 1,471.422 3,269.929 10,699.724

  firms above X (JPY), December snapshot:
                             sample  year  snapshot_month  n_firms  >1e+09  >5e+09  >1e+10  >2e+10  >5e+10  >1e+11  >2e+11  >5e+11  >1e+12  >5e+12  >1e+13
Compustat ⋈ LC (gvkey, fiscal year)  2017              12      294     294     293     291     281     271     248     207     139      81       9       1
Compustat ⋈ LC (gvkey, fiscal year)  2018              12      295     295     293     292     277     262     234     190     116      70       6       1
Compustat ⋈ LC (gvkey, fiscal year)  2019              12      336     336     335     334     322     302     259     214     127      75       9       1
Compustat ⋈ LC (gvkey, fiscal year)  2020              12      342     342     339     332     319     290     251     201     124      72      15       3
Compustat ⋈ LC (gvkey, fiscal year)  2021              12      393     393     388     385     364     336     287     228     137      83      19       4
Compustat ⋈ LC (gvkey, fiscal year)  2022              12      456     456     450     439     410     370     309     223     127      75      19       3
Compustat ⋈ LC (gvkey, fiscal year)  2023              12      716     715     664     611     538     469     368     259     150      92      20       6
Compustat ⋈ LC (gvkey, fiscal year)  2024              12      449     449     439     431     409     371     289     205      96      65      14       4

=== 95% screen threshold (size_floor = smallest cap KEPT), Japan ===

  [screen as the pipeline runs it (Compustat panel)]
 year  months     n_pre    n_kept  pct_listings_dropped  floor_mean  floor_min  floor_max  floor_dec
 2016      12 3,484.333 1,144.500                67.155      39.858     36.290     43.440     43.135
 2017      12 3,540.917 1,233.917                65.155      44.895     41.863     49.342     49.342
 2018      12 3,606.750 1,269.167                64.808      46.233     40.760     49.037     40.760
 2019      12 3,662.583 1,225.333                66.545      43.524     41.315     45.659     44.923
 2020      12 3,716.667 1,208.250                67.490      42.267     38.047     48.049     48.049
 2021      12 3,785.333 1,183.917                68.721      50.333     47.328     53.610     52.019
 2022      12 3,842.750 1,148.000                70.126      49.392     47.059     50.802     48.534
 2023      12 3,878.500 1,140.917                70.581      57.125     50.745     61.977     61.750
 2024      12 3,898.667 1,064.000                72.709      73.030     67.288     76.566     76.566

  [same screen replayed on the LC-matched sample]
 year  months   n_pre  n_kept  pct_listings_dropped  floor_mean  floor_min  floor_max  floor_dec
 2017       9 294.000 176.889                39.834     264.448    256.369    285.150    285.150
 2018      12 294.750 176.917                39.977     291.189    265.131    319.432    265.131
 2019      12 325.500 188.917                41.925     245.956    216.011    296.805    242.846
 2020      12 341.167 184.417                45.933     222.618    201.960    246.297    246.297
 2021      12 380.250 198.750                47.704     259.695    249.319    285.460    259.275
 2022      12 439.583 217.417                50.480     216.828    194.078    249.081    194.078
 2023      12 650.500 263.250                58.713     177.484    155.319    205.138    175.226
 2024      12 517.583 242.417                51.868     170.417    157.070    201.702    171.308